0.208648	0.295073	0.208648	0.000000	-0.208648	-0.295073	-0.208648	
0.385531	0.545224	0.385531	0.000000	-0.385531	-0.545224	-0.385531	
0.503721	0.712369	0.503721	0.000000	-0.503721	-0.712369	-0.503721	
0.545224	0.771063	0.545224	0.000000	-0.545224	-0.771063	-0.545224	
0.503721	0.712369	0.503721	0.000000	-0.503721	-0.712369	-0.503721	
0.385531	0.545224	0.385531	0.000000	-0.385531	-0.545224	-0.385531	
0.208648	0.295073	0.208648	0.000000	-0.208648	-0.295073	-0.208648	

0.000000	0.295073	-0.000000	0.000000	-0.000000	0.000000	-0.000000	
0.000000	0.545224	-0.000000	0.000000	-0.000000	-0.000000	-0.000000	
0.000000	0.712369	-0.000000	0.000000	-0.000000	0.000000	-0.000000	
0.000000	0.771063	-0.000000	0.000000	-0.000000	-0.000000	-0.000000	
0.000000	0.712369	-0.000000	0.000000	-0.000000	0.000000	-0.000000	
0.000000	0.545224	-0.000000	0.000000	-0.000000	0.000000	-0.000000	
0.000000	0.295073	-0.000000	0.000000	-0.000000	-0.000000	-0.000000	

0.000000	0.295073	-0.000000	0.000000	-0.000000	0.000000	-0.000000	
0.000000	0.545224	-0.000000	0.000000	-0.000000	-0.000000	-0.000000	
0.000000	0.712369	-0.000000	0.000000	-0.000000	0.000000	-0.000000	
0.000000	0.771063	-0.000000	0.000000	-0.000000	-0.000000	-0.000000	
0.000000	0.712369	-0.000000	0.000000	-0.000000	0.000000	-0.000000	
0.000000	0.545224	-0.000000	0.000000	-0.000000	0.000000	-0.000000	
0.000000	0.295073	-0.000000	0.000000	-0.000000	-0.000000	-0.000000	

0.000000	0.000000	0.000000	0.000000	0.000000	0.000000	0.000000	
0.295073	0.545224	0.712369	0.771063	0.712369	0.545224	0.295073	
-0.000000	-0.000000	-0.000000	-0.000000	-0.000000	-0.000000	-0.000000	
0.000000	0.000000	0.000000	0.000000	0.000000	0.000000	0.000000	
-0.000000	-0.000000	-0.000000	-0.000000	-0.000000	-0.000000	-0.000000	
0.000000	-0.000000	0.000000	-0.000000	0.000000	0.000000	-0.000000	
-0.000000	-0.000000	-0.000000	-0.000000	-0.000000	-0.000000	-0.000000	

0.000000	0.000000	0.000000	0.000000	0.000000	0.000000	0.000000	
0.295073	0.545224	0.712369	0.771063	0.712369	0.545224	0.295073	
-0.000000	-0.000000	-0.000000	-0.000000	-0.000000	-0.000000	-0.000000	
0.000000	0.000000	0.000000	0.000000	0.000000	0.000000	0.000000	
-0.000000	-0.000000	-0.000000	-0.000000	-0.000000	-0.000000	-0.000000	
0.000000	-0.000000	0.000000	-0.000000	0.000000	0.000000	-0.000000	
-0.000000	-0.000000	-0.000000	-0.000000	-0.000000	-0.000000	-0.000000	

0.000000	-0.000000	-0.000000	-0.000000	-0.000000	0.000000	0.000000	
3.084251	-0.000000	0.000000	0.000000	-0.000000	0.000000	0.000000	
-0.000000	-0.000000	-0.000000	0.000000	-0.000000	0.000000	0.000000	
0.000000	0.000000	-0.000000	0.000000	0.000000	0.000000	-0.000000	
-0.000000	-0.000000	-0.000000	0.000000	-0.000000	0.000000	0.000000	
-0.000000	-0.000000	0.000000	0.000000	-0.000000	0.000000	0.000000	
-0.000000	-0.000000	-0.000000	-0.000000	-0.000000	0.000000	0.000000	

0.000000	-0.000000	-0.000000	-0.000000	-0.000000	0.000000	0.000000	
4.179047	-0.000000	0.000000	0.000000	-0.000000	0.000000	0.000000	
-0.000000	-0.000000	-0.000000	0.000000	-0.000000	0.000000	0.000000	
0.000000	0.000000	-0.000000	0.000000	0.000000	0.000000	-0.000000	
-0.000000	-0.000000	-0.000000	0.000000	-0.000000	0.000000	0.000000	
-0.000000	-0.000000	0.000000	0.000000	-0.000000	0.000000	0.000000	
-0.000000	-0.000000	-0.000000	-0.000000	-0.000000	0.000000	0.000000	

0.000000	0.000000	0.000000	0.000000	0.000000	0.000000	0.000000	
0.399813	0.738758	0.965234	1.044762	0.965234	0.738758	0.399813	
-0.000000	-0.000000	-0.000000	-0.000000	-0.000000	-0.000000	-0.000000	
0.000000	0.000000	0.000000	0.000000	0.000000	0.000000	0.000000	
-0.000000	-0.000000	-0.000000	-0.000000	-0.000000	-0.000000	-0.000000	
-0.000000	-0.000000	-0.000000	-0.000000	-0.000000	0.000000	-0.000000	
-0.000000	-0.000000	-0.000000	-0.000000	-0.000000	-0.000000	-0.000000	

0.000000	0.000000	0.000000	0.000000	0.000000	0.000000	0.000000	
0.399813	0.738758	0.965234	1.044762	0.965234	0.738758	0.399813	
-0.000000	-0.000000	-0.000000	-0.000000	-0.000000	-0.000000	-0.000000	
0.000000	0.000000	0.000000	0.000000	0.000000	0.000000	0.000000	
-0.000000	-0.000000	-0.000000	-0.000000	-0.000000	-0.000000	-0.000000	
-0.000000	-0.000000	-0.000000	-0.000000	-0.000000	0.000000	-0.000000	
-0.000000	-0.000000	-0.000000	-0.000000	-0.000000	-0.000000	-0.000000	

0.000000	0.399813	-0.000000	0.000000	-0.000000	-0.000000	-0.000000	
0.000000	0.738758	-0.000000	0.000000	-0.000000	-0.000000	-0.000000	
0.000000	0.965234	-0.000000	0.000000	-0.000000	-0.000000	-0.000000	
0.000000	1.044762	-0.000000	0.000000	-0.000000	-0.000000	-0.000000	
0.000000	0.965234	-0.000000	0.000000	-0.000000	-0.000000	-0.000000	
0.000000	0.738758	-0.000000	0.000000	-0.000000	0.000000	-0.000000	
0.000000	0.399813	-0.000000	0.000000	-0.000000	-0.000000	-0.000000	

0.000000	0.399813	-0.000000	0.000000	-0.000000	-0.000000	-0.000000	
0.000000	0.738758	-0.000000	0.000000	-0.000000	-0.000000	-0.000000	
0.000000	0.965234	-0.000000	0.000000	-0.000000	-0.000000	-0.000000	
0.000000	1.044762	-0.000000	0.000000	-0.000000	-0.000000	-0.000000	
0.000000	0.965234	-0.000000	0.000000	-0.000000	-0.000000	-0.000000	
0.000000	0.738758	-0.000000	0.000000	-0.000000	0.000000	-0.000000	
0.000000	0.399813	-0.000000	0.000000	-0.000000	-0.000000	-0.000000	

0.282711	0.399813	0.282711	0.000000	-0.282711	-0.399813	-0.282711	
0.522381	0.738758	0.522381	0.000000	-0.522381	-0.738758	-0.522381	
0.682524	0.965234	0.682524	0.000000	-0.682524	-0.965234	-0.682524	
0.738758	1.044762	0.738758	0.000000	-0.738758	-1.044762	-0.738758	
0.682524	0.965234	0.682524	0.000000	-0.682524	-0.965234	-0.682524	
0.522381	0.738758	0.522381	0.000000	-0.522381	-0.738758	-0.522381	
0.282711	0.399813	0.282711	0.000000	-0.282711	-0.399813	-0.282711	

sdjgfldkhgfdkjhgdhglfdkhgfdslkhgslkfhgflkhglkhgdslfhgdslkghdlksh

